WORKER
10 2
    1.0 0.0 0.0 0.0 0.0 0.0 0.0
    0.0 0.2 0.0 0.4 0.0 0.0 0.4
    0.0 0.0 1.0 0.0 0.0 0.0 0.0
    0.0 0.1 0.0 0.9 0.0 0.0 0.0
    0.0 0.1 0.0 0.0 0.9 0.0 0.0
    0.0 0.1 0.0 0.0 0.0 0.9 0.0
    0.0 0.1 0.0 0.0 0.0 0.0 0.9
SOLDIER
20 5
    1.0 0.0 0.0 0.0 0.0
    0.0 0.2 0.0 0.8 0.0
    0.0 1.0 0.0 0.0 0.0
    0.0 0.1 0.0 0.9 0.0
    0.0 0.0 0.0 0.1 0.0
QUEEN
15 1
    1 0 0 0 0 0 0 0 0 0 0
    0 0 1 0 0 0 0 0 0 0 0
    0 0 0 1 0 0 0 0 0 0 0
    0 0 0 0 1 0 0 0 0 0 0
    0 0 0 0 0 1 0 0 0 0 0
    0 0 0 0 0 0 1 0 0 0 0
    0 0 0 0 0 0 0 1 0 0 0
    0 0 0 0 0 0 0 0 1 0 0
    0 0 0 0 0 0 0 0 0 1 0
    0 0 0 0 0 0 0 0 0 0 1
    0 1 0 0 0 0 0 0 0 0 0
MANTIS
100 10
    1.0 0.0 0.0 0.0 0.0
    0.0 0.2 0.0 0.8 0.0
    0.0 1.0 0.0 0.0 0.0
    0.0 0.1 0.0 0.9 0.0
    0.0 0.0 0.0 0.1 0.0
PHEROMONE
100 0
    1.0 0.0 0.0 0.0
    0.0 1.0 0.0 0.0
    0.0 0.0 1.0 0.0
    0.0 0.0 0.0 1.0
FOOD
10 0
    1.0 0.0
    0.0 1.0
